0.003639698028564453, 7;
[[2 0 3]
 [1 7 4]
 [6 8 5]];
0.0007796287536621094, 7;
[[2 0 3]
 [1 7 4]
 [6 8 5]];
0.0035233497619628906, 7;
[[2 0 3]
 [1 7 4]
 [6 8 5]];
0.0038187503814697266, 8;
[[0 1 2]
 [7 8 3]
 [6 5 4]];
0.0009098052978515625, 8;
[[0 1 2]
 [7 8 3]
 [6 5 4]];
0.0036764144897460938, 8;
[[0 1 2]
 [7 8 3]
 [6 5 4]];
0.002859354019165039, 5;
[[2 8 3]
 [1 6 4]
 [7 0 5]];
0.0010035037994384766, 9;
[[2 8 3]
 [1 6 4]
 [7 0 5]];
0.0025827884674072266, 5;
[[2 8 3]
 [1 6 4]
 [7 0 5]];
0.025897979736328125, 52;
[[0 2 3]
 [1 5 6]
 [7 4 8]];
Não foi possível encontrar o resultado em 2000 iterações 
0.010869979858398438, 16;
[[0 2 3]
 [1 5 6]
 [7 4 8]];
0.0012660026550292969, 2;
[[1 2 3]
 [4 0 6]
 [7 5 8]];
0.0003821849822998047, 2;
[[1 2 3]
 [4 0 6]
 [7 5 8]];
0.0011458396911621094, 2;
[[1 2 3]
 [4 0 6]
 [7 5 8]];
0.0006124973297119141, 1;
[[1 2 3]
 [4 5 6]
 [7 0 8]];
0.00013303756713867188, 1;
[[1 2 3]
 [4 5 6]
 [7 0 8]];
0.0005714893341064453, 1;
[[1 2 3]
 [4 5 6]
 [7 0 8]];
0.002213716506958008, 4;
[[0 2 3]
 [1 4 5]
 [7 8 6]];
0.0004782676696777344, 4;
[[0 2 3]
 [1 4 5]
 [7 8 6]];
0.0022776126861572266, 4;
[[0 2 3]
 [1 4 5]
 [7 8 6]];
0.04290127754211426, 74;
[[0 5 3]
 [8 1 2]
 [7 6 4]];
Não foi possível encontrar o resultado em 2000 iterações 
Não foi possível encontrar o resultado em 2000 iterações 
