1;True;0.0016291141510009766;2;[[1 2 3]
 [4 0 6]
 [7 5 8]];*2;True;0.0004000663757324219;2;[[1 2 3]
 [4 0 6]
 [7 5 8]];*3;True;0.0031948089599609375;2;[[1 2 3]
 [4 0 6]
 [7 5 8]];*1;True;0.0008459091186523438;1;[[1 2 3]
 [4 5 6]
 [7 0 8]];*2;True;0.00015878677368164062;1;[[1 2 3]
 [4 5 6]
 [7 0 8]];*3;True;0.0007059574127197266;1;[[1 2 3]
 [4 5 6]
 [7 0 8]];*1;False;99999;99999;[[0 2 3]
 [1 5 6]
 [7 4 8]];*2;False;99999;99999;[[0 2 3]
 [1 5 6]
 [7 4 8]];*3;False;99999;99999;[[0 2 3]
 [1 5 6]
 [7 4 8]];*1;False;99999;99999;[[2 0 3]
 [1 7 4]
 [6 8 5]];*2;False;99999;99999;[[2 0 3]
 [1 7 4]
 [6 8 5]];*3;False;99999;99999;[[2 0 3]
 [1 7 4]
 [6 8 5]];*1;False;99999;99999;[[0 1 2]
 [7 8 3]
 [6 5 4]];*2;False;99999;99999;[[0 1 2]
 [7 8 3]
 [6 5 4]];*3;False;99999;99999;[[0 1 2]
 [7 8 3]
 [6 5 4]];*1;False;99999;99999;[[2 8 3]
 [1 6 4]
 [7 0 5]];*2;False;99999;99999;[[2 8 3]
 [1 6 4]
 [7 0 5]];*3;False;99999;99999;[[2 8 3]
 [1 6 4]
 [7 0 5]];*1;False;99999;99999;[[0 2 3]
 [1 5 6]
 [7 4 8]];*2;False;99999;99999;[[0 2 3]
 [1 5 6]
 [7 4 8]];*3;False;99999;99999;[[0 2 3]
 [1 5 6]
 [7 4 8]];*1;False;99999;99999;[[3 6 2]
 [1 7 4]
 [5 8 0]];*2;False;99999;99999;[[3 6 2]
 [1 7 4]
 [5 8 0]];*3;False;99999;99999;[[3 6 2]
 [1 7 4]
 [5 8 0]];*